1,
236
237
238
239
240
241
391
442
390
386
242
383
243
447
452
244
245
246
247
347
449
248
384
249
160
250
251
252
253
254
466
255
256
257
258
259
457
474
260
261
262
263
264
265
478
482
266
267
268
269
385
485
270
271
493
272
516
274
276
275
277
357
499
278
279
216
280
281
282
283
284
285
503
286
287
434
288
289
290
291
292
293
435
436
508
294
295
296

2,
394
450
33
117
16
17
30
454
37
48
52
77
87
486
12
454
23
24
33
401
74
78
104
429
110
117
43
56
60
408
353
428
170
68
69
2
389
12
4
13
14
394
437
20
22
28
460
36
349
50
351
409
352
65
339
70
479
80
82
91
92
85
88
89
488
96
97
98
489
100
101
106
108
109
219
432
118
119
120
505
125
506
127
507
359
232
130
360
131
132
1
3
389
5
6
7
8
344
444
9
10
11
194
15
450
345
18
19
21
457
25
459
26
27
400
29
31
32
34
35
348
159
37
38
39
162
40
41
42
44
45
46
47
517
48
49
51
350
405
167
53
351
54
55
57
408
58
176
409
59
352
61
62
63
416
64
181
66
339
67
354
71
72
73
416
76
417
77
79
418
419
198
81
83
84
376
86
422
423
90
93
94
95
356
490
491
492
99
102
515
103
105
329
496
107
430
111
112
113
114
115
121
124
125
126
133
134
513
310

3,
334
311
313
312
314
335
315
316
317
318
319
336
320
321
322
337
323
324
325
326
327
328
329
330
331
332
333

4,
299
300
307
308
309
297
301
302
303
446
298
304
168
305
306
318
322
271
116
123

5,
342
390
382
383
391
150
384
472
161
340
478
73
194
484
211
506
233
343
455
163
423
358
144
147
161
463
464
476
411
190
362
17
396
397
455
152
398
399
438
465
367
368
403
167
469
470
471
178
412
180
414
480
481
192
484
424
425
204
207
427
273
107
222
512
441
387
361
448
449
395
514
39
463
467
497
341
380
33
142
451
458
365
461
401
369
166
171
178
173
500
262
197
200
494
495
498
502
225
226
511
443
396
399
368
371
200
425
498
426
504
386
402
138
363
382
383
141
143
374
164
381
135
137
139
393
456
398
467
168
404
175
372
179
412
373
182
75
488
379
497
114
504
234
388
149
461
328
341
392
468
186
375
19
203
220
358
128
129
136
476
190
191
480
481
196
377
201
208
210
153
355
202
206
144
148
367
476
338
487
210
107
212
214
215
216
227
361
392
445
26
436
464
158
41
468
172
173
176
471
410
413
185
186
198
199
375
203
213
220
341
221
431
223
122
358
380
128
129
513
451
191
334
40
406
407
320
86
433
140
440
449
453
155
156
168
169
370
411
182
183
189
193
194
195
209
224
434
228
229
230
231
510
234
386
238